779	0.004931000000
1668	0.000245000000
1704	0.000207000000
1888	0.000372000000
3225	0.000086000000
3242	0.000665000000
5142	0.000221000000
5363	0.000185000000
5468	0.000274000000
5621	0.000156000000
5940	0.000134000000
6716	0.000199000000
7648	0.000260000000
7921	0.000172000000
8556	0.000266000000
9421	0.000139000000
10255	0.000149000000
10757	0.000972000000
11614	0.000189000000
11890	0.000356000000
12353	0.001671000000
12356	0.000271000000
13092	0.000850000000
13247	0.000172000000
13318	0.000219000000
13647	0.000153000000
13967	0.000156000000
14291	0.000153000000
14555	0.000749000000
14746	0.000266000000
15493	0.000119000000
16661	0.000096000000
16792	0.000298000000
16957	0.000110000000
17108	0.000094000000
17985	0.000161000000
18593	0.000133000000
21800	0.000373000000
22156	0.000166000000
22402	0.001074000000
23475	0.000110000000
23618	0.000191000000
24094	0.000212000000
24646	0.000191000000
25167	0.000087000000
25771	0.000104000000
26213	0.000089000000
26799	0.000089000000
26924	0.000259000000
27772	0.000251000000
28286	0.000346000000
28669	0.000431000000
29729	0.000113000000
30655	0.001284000000
31237	0.002850000000
31971	0.000234000000
33174	0.000779000000
33370	0.000626000000
33554	0.000512000000
36144	0.000339000000
36771	0.000140000000
36773	0.000143000000
39386	0.000126000000
39722	0.000201000000
39816	0.000284000000
39880	0.000560000000
40384	0.000255000000
40580	0.000216000000
41483	0.000155000000
41598	0.000523000000
41852	0.000165000000
42024	0.000438000000
42986	0.000205000000
43057	0.000186000000
43232	0.000163000000
44311	0.000152000000
45472	0.000159000000
45663	0.000158000000
47306	0.000195000000
47380	0.000240000000
47849	0.000123000000
47998	0.000149000000
48476	0.000207000000
49393	0.000171000000
50622	0.000207000000
50736	0.000179000000
51924	0.000262000000
52217	0.000103000000
52926	0.000175000000
53221	0.000121000000
53519	0.000103000000
53663	0.000119000000
53914	0.000210000000
54613	0.000081000000
55306	0.000206000000
55961	0.000096000000
57703	0.000080000000
57768	0.000396000000
58619	0.000075000000
59002	0.000180000000
59012	0.000139000000
59339	0.000074000000
59671	0.000089000000
59783	0.000074000000
59944	0.000179000000
60812	0.000243000000
61119	0.000084000000
61190	0.000209000000
61315	0.000088000000
61364	0.000183000000
62462	0.000202000000
63778	0.000085000000
63848	0.000279000000
64019	0.000225000000
64172	0.000233000000
64173	0.000543000000
65660	0.000226000000
66830	0.000184000000
66900	0.000305000000
67341	0.000104000000
67379	0.000090000000
67645	0.000105000000
67753	0.000105000000
68338	0.000088000000
68943	0.000107000000
69059	0.000099000000
69182	0.000198000000
69322	0.000335000000
69698	0.000116000000
70037	0.000093000000
71182	0.000111000000
71202	0.000215000000
71271	0.000160000000
71425	0.000087000000
71438	0.000202000000
71459	0.000104000000
71788	0.000236000000
72429	0.000092000000
72610	0.000098000000
73078	0.000237000000
73199	0.000082000000
73292	0.000230000000
73389	0.000077000000
74564	0.000100000000
75195	0.000082000000
76187	0.000089000000
76545	0.000090000000
76850	0.000186000000
77680	0.000383000000
78618	0.000219000000
78823	0.000102000000
79027	0.000189000000
80410	0.000225000000
80788	0.000156000000
80867	0.000159000000
81250	0.000223000000
81478	0.000213000000
81839	0.000098000000
82301	0.000128000000
82584	0.000219000000
82785	0.000091000000
83278	0.000148000000
84924	0.000128000000
85048	0.000142000000
85675	0.000111000000
86505	0.000098000000
86728	0.000107000000
86944	0.000166000000
88624	0.000163000000
89416	0.000162000000
90104	0.000228000000
91091	0.000109000000
91961	0.000102000000
92304	0.000152000000
92311	0.000118000000
93096	0.000150000000
94379	0.000099000000
94679	0.000111000000
95039	0.000109000000
95579	0.000109000000
95615	0.000090000000
95787	0.000102000000
95901	0.000087000000
96337	0.000132000000
96648	0.000176000000
97091	0.000085000000
97567	0.000117000000
98978	0.000169000000
99105	0.000099000000
99160	0.000292000000
99299	0.000153000000
99384	0.000223000000
99700	0.000233000000
100310	0.000199000000
100585	0.000093000000
101310	0.000149000000
101759	0.000115000000
102192	0.000142000000
102784	0.000143000000
103257	0.000084000000
104011	0.000106000000
104047	0.000108000000
105270	0.000206000000
105420	0.000154000000
106874	0.000056000000
107085	0.000053000000
107368	0.000057000000
107492	0.000142000000
107822	0.000148000000
107874	0.000193000000
107919	0.000119000000
107945	0.000109000000
107977	0.000101000000
108053	0.000090000000
108635	0.000104000000
108727	0.000096000000
110636	0.000154000000
110820	0.000137000000
111721	0.000109000000
111846	0.000159000000
112921	0.000077000000
113447	0.000131000000
113932	0.000144000000
116108	0.000164000000
117213	0.000053000000
117415	0.000090000000
117942	0.000056000000
118157	0.000104000000
119147	0.000100000000
119772	0.000158000000
121187	0.000094000000
121802	0.000463000000
121878	0.000205000000
122192	0.000180000000
122383	0.000096000000
123402	0.000172000000
123723	0.000099000000
124784	0.000185000000
125300	0.000186000000
125314	0.000157000000
126105	0.000106000000
126354	0.000158000000
126863	0.000112000000
127629	0.000146000000
127798	0.000169000000
127986	0.000182000000
128035	0.000106000000
128364	0.000131000000
129608	0.000203000000
129694	0.000169000000
130605	0.000142000000
131310	0.000169000000
132117	0.000140000000
132781	0.000119000000
132799	0.000148000000
132813	0.000105000000
133019	0.000110000000
134102	0.000176000000
134619	0.000123000000
135086	0.000119000000
135327	0.000111000000
135744	0.000175000000
136073	0.000147000000
136516	0.000167000000
137050	0.000170000000
138491	0.000120000000
139229	0.000122000000
140563	0.000106000000
140730	0.000172000000
142060	0.000189000000
142144	0.000467000000
142926	0.000169000000
144273	0.000109000000
145134	0.000194000000
145386	0.000199000000
145886	0.000154000000
145893	0.000132000000
146151	0.000125000000
147038	0.000195000000
147201	0.000104000000
147967	0.000091000000
148161	0.000106000000
148654	0.000167000000
150326	0.000197000000
150932	0.000162000000
151187	0.000097000000
151458	0.000168000000
152460	0.000189000000
152847	0.000119000000
154135	0.000100000000
154409	0.000126000000
154840	0.000242000000
155025	0.000104000000
155028	0.000185000000
155328	0.000184000000
156683	0.000112000000
157455	0.000137000000
157601	0.000096000000
158254	0.000180000000
158294	0.000195000000
158415	0.000196000000
159592	0.000187000000
159944	0.000189000000
160000	0.000286000000
160753	0.000101000000
161354	0.000245000000
162468	0.000185000000
162538	0.000285000000
162753	0.000113000000
163832	0.000379000000
163934	0.000173000000
164224	0.000253000000
164262	0.000235000000
165667	0.000068000000
166864	0.000069000000
167144	0.000210000000
167666	0.000219000000
167935	0.000117000000
168366	0.000163000000
168472	0.000319000000
168514	0.000262000000
169439	0.000126000000
169616	0.000225000000
170643	0.000123000000
170871	0.000117000000
170897	0.000114000000
171036	0.000233000000
171228	0.000417000000
171496	0.000249000000
171669	0.000121000000
172194	0.003031000000
172218	0.000207000000
173623	0.000122000000
173685	0.000137000000
174145	0.000132000000
174549	0.000102000000
175023	0.000119000000
176726	0.000066000000
177047	0.000288000000
177447	0.000063000000
177620	0.000068000000
178058	0.000096000000
178062	0.000076000000
178262	0.000252000000
179173	0.000064000000
179829	0.000063000000
179893	0.000067000000
180140	0.000169000000
180145	0.000085000000
181561	0.000063000000
181732	0.000065000000
182392	0.000342000000
182987	0.000069000000
183197	0.000064000000
184052	0.000066000000
185327	0.000119000000
185337	0.000121000000
185733	0.000085000000
185860	0.000172000000
186587	0.000064000000
186927	0.000066000000
187126	0.000067000000
187155	0.000064000000
188331	0.000063000000
188474	0.000175000000
188761	0.000064000000
188940	0.000078000000
190156	0.000075000000
190266	0.000100000000
190755	0.000074000000
191020	0.000133000000
191414	0.000219000000
191519	0.000064000000
191804	0.000268000000
191888	0.000165000000
192204	0.000152000000
193097	0.000063000000
193671	0.000066000000
194218	0.000151000000
194361	0.000064000000
194850	0.000084000000
195714	0.000357000000
195942	0.000187000000
196111	0.000066000000
197027	0.000111000000
197836	0.000181000000
198028	0.000192000000
198419	0.000068000000
198819	0.000078000000
198884	0.000069000000
199066	0.000279000000
199144	0.000209000000
199641	0.000075000000
199721	0.000093000000
199762	0.000114000000
200415	0.000100000000
200848	0.000143000000
200993	0.000086000000
201401	0.000103000000
201577	0.000095000000
201608	0.000165000000
201767	0.000088000000
203443	0.000088000000
204105	0.000089000000
204174	0.000175000000
204230	0.000134000000
204446	0.000173000000
204636	0.000141000000
205024	0.000232000000
205188	0.000204000000
205298	0.000233000000
205931	0.000080000000
207144	0.000053000000
208563	0.000088000000
208804	0.000156000000
208899	0.000089000000
210045	0.000093000000
210324	0.000142000000
210528	0.002426000000
210574	0.000111000000
211164	0.000306000000
211628	0.000276000000
212514	0.000190000000
212699	0.000086000000
213195	0.000086000000
213252	0.000117000000
213276	0.000186000000
213615	0.000093000000
213707	0.000092000000
213961	0.000086000000
214818	0.000088000000
214950	0.002927000000
215915	0.000077000000
216155	0.000116000000
216879	0.000157000000
217321	0.000079000000
218727	0.000102000000
219373	0.000095000000
219692	0.000256000000
220397	0.000082000000
220486	0.000195000000
220499	0.000071000000
220646	0.000360000000
220722	0.000196000000
220840	0.000183000000
221632	0.000360000000
222160	0.000132000000
222522	0.000090000000
223202	0.000143000000
224019	0.000173000000
224475	0.000073000000
224672	0.000191000000
225063	0.000073000000
225207	0.000090000000
225985	0.000111000000
226401	0.000085000000
226802	0.000211000000
227527	0.000080000000
228343	0.000104000000
228505	0.000138000000
228892	0.000225000000
229537	0.000095000000
230432	0.000305000000
230778	0.000178000000
231544	0.000262000000
231778	0.000132000000
232252	0.000130000000
234772	0.000119000000
235690	0.000176000000
236275	0.000075000000
236529	0.000091000000
236838	0.000154000000
237353	0.000050000000
237563	0.000063000000
237628	0.000161000000
238134	0.000164000000
238256	0.000054000000
239275	0.000057000000
239771	0.000066000000
239896	0.000110000000
239971	0.000065000000
240265	0.000075000000
241377	0.000069000000
242902	0.000165000000
243110	0.000218000000
243476	0.000144000000
243517	0.000054000000
243662	0.000051000000
244021	0.000079000000
244150	0.000079000000
244658	0.000054000000
244816	0.000190000000
244966	0.000138000000
245370	0.000076000000
246831	0.000050000000
248697	0.000052000000
249132	0.000058000000
249150	0.000054000000
249624	0.000286000000
249855	0.000083000000
250552	0.000243000000
250560	0.000262000000
250582	0.000160000000
250767	0.000093000000
251337	0.000114000000
251511	0.000083000000
252615	0.000074000000
252881	0.000076000000
252926	0.000156000000
254252	0.000093000000
254361	0.000133000000
254732	0.000209000000
255288	0.000113000000
255292	0.000099000000
255582	0.000117000000
255628	0.000208000000
256076	0.000245000000
257180	0.000166000000
257390	0.000179000000
258031	0.000090000000
258115	0.000124000000
258288	0.000157000000
258315	0.000092000000
258400	0.000154000000
258542	0.000138000000
259216	0.000167000000
259351	0.000093000000
259587	0.000096000000
259989	0.000091000000
260133	0.000068000000
260541	0.000105000000
260715	0.000053000000
260770	0.000181000000
261024	0.000057000000
261401	0.000051000000
261551	0.000083000000
261818	0.000077000000
262061	0.000055000000
262217	0.000093000000
262690	0.000054000000
263013	0.000052000000
263271	0.000055000000
263648	0.000057000000
265355	0.000055000000
265636	0.000123000000
266320	0.000115000000
266565	0.000084000000
266871	0.000050000000
266916	0.000093000000
267182	0.000168000000
267377	0.002325000000
267521	0.000050000000
268497	0.000054000000
268968	0.000054000000
269338	0.000056000000
270080	0.000055000000
270329	0.000053000000
270386	0.000054000000
271081	0.000052000000
271219	0.000066000000
271393	0.000067000000
271710	0.000155000000
271913	0.000101000000
271915	0.000067000000
272261	0.000054000000
272268	0.000075000000
272713	0.000052000000
273235	0.000053000000
273393	0.000075000000
273648	0.000070000000
275706	0.000072000000
275953	0.000057000000
276259	0.000056000000
276284	0.000127000000
276490	0.000209000000
276693	0.000070000000
276945	0.000053000000
277171	0.000055000000
278041	0.000053000000
278455	0.000054000000
278521	0.000054000000
279073	0.000081000000
280522	0.000073000000
281916	0.000136000000
282033	0.000072000000
283235	0.000052000000
283497	0.000053000000
283859	0.000051000000
284033	0.000095000000
284831	0.000051000000
285050	0.000056000000
285155	0.000053000000
285286	0.000052000000
285553	0.000053000000
286165	0.000052000000
286175	0.000053000000
286590	0.000052000000
286875	0.000070000000
287433	0.000053000000
288279	0.000051000000
288537	0.000053000000
288848	0.000113000000
288989	0.000106000000
289058	0.000087000000
290002	0.000053000000
290810	0.000055000000
290862	0.000110000000
291387	0.000051000000
291829	0.000106000000
292366	0.000141000000
292468	0.000135000000
292569	0.000093000000
293618	0.000077000000
294038	0.000153000000
294423	0.000089000000
294467	0.000087000000
295322	0.000149000000
295697	0.000090000000
295857	0.000102000000
296260	0.000164000000
296976	0.000091000000
