0	0.019916000000
119	0.037355000000
266	0.017115000000
738	0.009641000000
1358	0.036242000000
1476	0.015921000000
1682	0.016246000000
1830	0.016612000000
2685	0.011771000000
3305	0.011119000000
3452	0.013053000000
3482	0.013403000000
3600	0.034123000000
3895	0.012304000000
4573	0.011649000000
4721	0.012098000000
4868	0.011418000000
5193	0.011467000000
5429	0.011925000000
6373	0.013808000000
6461	0.013886000000
6609	0.012742000000
6756	0.005934000000
6933	0.005987000000
7199	0.004739000000
7317	0.004786000000
7435	0.005439000000
7759	0.005782000000
7907	0.005322000000
8054	0.005177000000
8408	0.007598000000
8467	0.004921000000
8762	0.005368000000
8910	0.008349000000
9175	0.005022000000
9323	0.004452000000
9677	0.005017000000
9854	0.004233000000
10562	0.009255000000
11063	0.004671000000
11801	0.007015000000
12066	0.004394000000
12804	0.003700000000
12892	0.005052000000
13069	0.003805000000
13512	0.004490000000
13718	0.004818000000
13866	0.003779000000
13925	0.004150000000
14013	0.003952000000
14131	0.004714000000
14780	0.003846000000
14839	0.004443000000
15577	0.005103000000
15931	0.006534000000
16019	0.004006000000
16609	0.004253000000
17553	0.004545000000
18173	0.004232000000
18232	0.004280000000
18291	0.007101000000
18350	0.004321000000
18792	0.004374000000
19058	0.009374000000
19146	0.007209000000
19382	0.003862000000
19972	0.004136000000
20120	0.007164000000
20179	0.004418000000
20326	0.004708000000
20592	0.004242000000
21359	0.004329000000
21595	0.004660000000
21919	0.004594000000
22303	0.004405000000
22539	0.006554000000
22834	0.004820000000
22952	0.004078000000
23276	0.004234000000
23365	0.004030000000
23453	0.007023000000
23719	0.004915000000
23866	0.006467000000
24899	0.004619000000
25135	0.004133000000
25223	0.006605000000
25636	0.004326000000
25754	0.004338000000
26020	0.004355000000
26285	0.004650000000
26698	0.004896000000
27642	0.005042000000
27731	0.004195000000
28262	0.004405000000
29206	0.004082000000
29235	0.005768000000
29648	0.003819000000
29707	0.004038000000
30120	0.003966000000
30268	0.004300000000
31094	0.019894000000
31330	0.019173000000
31389	0.019358000000
31507	0.021784000000
31536	0.023751000000
31743	0.006047000000
31890	0.007287000000
32333	0.006285000000
32362	0.007370000000
32510	0.007093000000
32598	0.009764000000
32775	0.006909000000
33336	0.006768000000
33365	0.007474000000
33631	0.006210000000
33837	0.005132000000
33896	0.005573000000
33926	0.005112000000
34103	0.004418000000
34162	0.004566000000
34368	0.004300000000
34457	0.003311000000
34634	0.004740000000
34752	0.004369000000
35312	0.006190000000
35342	0.005150000000
35666	0.006601000000
35755	0.003486000000
35902	0.003985000000
36168	0.004758000000
36345	0.006529000000
36581	0.004172000000
36610	0.005317000000
36846	0.003764000000
36964	0.004633000000
36994	0.005950000000
37584	0.006021000000
37672	0.003895000000
38026	0.004321000000
38115	0.003879000000
38587	0.004102000000
39590	0.003247000000
39649	0.003537000000
40062	0.003963000000
40386	0.004751000000
40534	0.005873000000
40593	0.004361000000
40799	0.003845000000
40829	0.004430000000
40917	0.005805000000
41271	0.003463000000
41389	0.005622000000
41684	0.003431000000
42333	0.003786000000
42510	0.004505000000
42569	0.004193000000
42746	0.006053000000
42894	0.006437000000
43071	0.004390000000
43100	0.004470000000
43720	0.004159000000
43956	0.005585000000
44133	0.003886000000
44723	0.006163000000
44900	0.006284000000
45077	0.004044000000
45431	0.004329000000
45549	0.003371000000
46050	0.006073000000
46257	0.003749000000
46345	0.003951000000
46699	0.006626000000
46965	0.003688000000
47702	0.005981000000
47791	0.003917000000
47938	0.003117000000
48027	0.004450000000
48233	0.006185000000
48351	0.008602000000
49177	0.004476000000
50239	0.003829000000
50446	0.004953000000
50741	0.005222000000
51036	0.004076000000
51596	0.003668000000
52511	0.006186000000
52570	0.008660000000
52629	0.005431000000
53189	0.003723000000
53809	0.003531000000
54045	0.007456000000
54310	0.004179000000
54635	0.005021000000
55461	0.006885000000
55579	0.003486000000
55903	0.003563000000
55962	0.004853000000
56110	0.005853000000
56346	0.006001000000
56434	0.006043000000
56995	0.004456000000
57673	0.004260000000
57850	0.007300000000
58234	0.004093000000
58322	0.006514000000
58971	0.006818000000
59089	0.004133000000
59148	0.021674000000
59355	0.004710000000
59738	0.003509000000
59945	0.004414000000
60240	0.006043000000
61154	0.006820000000
61184	0.004938000000
61390	0.003955000000
61538	0.004202000000
61567	0.003855000000
61597	0.004985000000
61685	0.003760000000
62187	0.003213000000
62600	0.005896000000
62836	0.004336000000
64163	0.004678000000
64222	0.004310000000
64606	0.004445000000
64901	0.004530000000
65019	0.003930000000
65196	0.004383000000
65461	0.003495000000
65609	0.006135000000
65786	0.004532000000
65904	0.004483000000
65963	0.004398000000
66259	0.006027000000
66526	0.006445000000
67655	0.004674000000
69197	0.004532000000
69227	0.007059000000
69405	0.005028000000
69612	0.006118000000
70177	0.004452000000
70324	0.004851000000
70413	0.005194000000
71182	0.004700000000
73322	0.006374000000
74450	0.004990000000
75072	0.006500000000
76054	0.005169000000
76321	0.005205000000
76797	0.004072000000
77420	0.003869000000
77479	0.004194000000
77597	0.006985000000
78220	0.004250000000
78250	0.006594000000
79738	0.007970000000
79797	0.006787000000
79916	0.004871000000
80419	0.008406000000
80836	0.005000000000
81311	0.005769000000
81549	0.005474000000
83569	0.003893000000
83599	0.004461000000
83983	0.005141000000
84191	0.006657000000
84814	0.005305000000
84963	0.004458000000
85200	0.004059000000
85794	0.004565000000
85941	0.003383000000
86208	0.003373000000
86951	0.004113000000
87336	0.003374000000
87395	0.003494000000
87958	0.003992000000
87988	0.005226000000
88284	0.004824000000
88373	0.004692000000
89295	0.003831000000
89651	0.004449000000
90334	0.005031000000
90631	0.005122000000
90988	0.004115000000
91047	0.003902000000
91966	0.006581000000
93216	0.005217000000
93572	0.004185000000
93780	0.003785000000
94225	0.005150000000
95057	0.004342000000
95176	0.004916000000
96395	0.004404000000
96425	0.004267000000
97048	0.003280000000
97671	0.003854000000
98589	0.005215000000
98738	0.004439000000
98915	0.005742000000
98974	0.004509000000
100716	0.005059000000
101248	0.005056000000
101367	0.005568000000
101752	0.005718000000
102048	0.004950000000
102077	0.004992000000
102608	0.003880000000
102697	0.005341000000
102903	0.005962000000
103288	0.005049000000
103376	0.004267000000
103524	0.004812000000
104587	0.004740000000
105562	0.005321000000
106420	0.004093000000
107364	0.002939000000
107452	0.004487000000
107482	0.005779000000
107541	0.005793000000
108309	0.004966000000
108338	0.005359000000
108545	0.005275000000
109046	0.003120000000
109755	0.004905000000
110702	0.004889000000
110761	0.004829000000
110820	0.005752000000
111115	0.006069000000
111882	0.004475000000
112000	0.004129000000
112030	0.004481000000
112531	0.003814000000
113004	0.004868000000
113063	0.004645000000
114127	0.003720000000
114720	0.005258000000
115016	0.004480000000
115311	0.004205000000
115547	0.003810000000
115577	0.004479000000
116935	0.003156000000
117053	0.003076000000
118767	0.004694000000
119300	0.004271000000
119418	0.004317000000
119802	0.005084000000
120808	0.004353000000
120838	0.005418000000
120897	0.004094000000
121931	0.005269000000
122286	0.005396000000
122581	0.005251000000
122640	0.004939000000
123643	0.005259000000
124471	0.004786000000
125240	0.005490000000
125329	0.005520000000
125595	0.004638000000
125684	0.005314000000
126009	0.005337000000
126335	0.004481000000
127694	0.004759000000
128608	0.006031000000
128817	0.005038000000
129557	0.004770000000
129793	0.005059000000
130177	0.005258000000
130414	0.006232000000
130591	0.004780000000
130915	0.005405000000
131300	0.004947000000
131418	0.005212000000
131714	0.004396000000
131802	0.005053000000
132069	0.004598000000
132335	0.005055000000
132365	0.005213000000
132720	0.005366000000
133696	0.005431000000
134109	0.005629000000
134346	0.004933000000
134760	0.004634000000
135734	0.004584000000
135793	0.005103000000
135940	0.004737000000
136324	0.003881000000
136825	0.003825000000
137652	0.004998000000
138185	0.005450000000
138303	0.004670000000
138923	0.004328000000
139306	0.005159000000
139661	0.005301000000
140224	0.004588000000
140578	0.006299000000
140784	0.004061000000
140843	0.005730000000
141228	0.004789000000
141700	0.004866000000
141907	0.004364000000
142559	0.004090000000
142854	0.004523000000
142913	0.004312000000
143179	0.004690000000
144539	0.005798000000
144745	0.005966000000
145218	0.006596000000
145572	0.004818000000
145985	0.004492000000
146458	0.004699000000
147611	0.004240000000
147699	0.004562000000
147729	0.005499000000
147876	0.004941000000
148852	0.004660000000
149295	0.004454000000
149472	0.006109000000
150240	0.005179000000
150949	0.005285000000
151363	0.004197000000
151718	0.004837000000
152310	0.004725000000
152340	0.005043000000
153108	0.005825000000
153256	0.005033000000
153463	0.006448000000
153877	0.004614000000
153965	0.004772000000
154290	0.004712000000
155737	0.004932000000
156240	0.005658000000
156388	0.006514000000
156655	0.005058000000
156744	0.005698000000
156951	0.005084000000
157098	0.004651000000
157511	0.004771000000
157924	0.004936000000
158161	0.004679000000
158546	0.004594000000
158605	0.004572000000
159787	0.004296000000
160084	0.005454000000
160113	0.005427000000
160526	0.005877000000
160763	0.005500000000
161177	0.004619000000
161207	0.005139000000
161384	0.004907000000
161679	0.006183000000
161856	0.005103000000
162774	0.005369000000
162892	0.005667000000
163603	0.004612000000
164725	0.004411000000
164843	0.004742000000
165493	0.003226000000
165583	0.003511000000
166115	0.004847000000
166174	0.003240000000
166498	0.003078000000
166971	0.004470000000
167060	0.007816000000
167266	0.004560000000
167443	0.004595000000
167945	0.007853000000
168004	0.006856000000
168536	0.007051000000
169276	0.007285000000
169749	0.005092000000
169897	0.004514000000
170133	0.007460000000
170280	0.007020000000
170428	0.006251000000
170635	0.004883000000
170724	0.008440000000
171256	0.005589000000
171315	0.005289000000
172201	0.005426000000
172791	0.007030000000
173086	0.004771000000
173145	0.004912000000
173204	0.004629000000
173352	0.004878000000
173382	0.005530000000
173529	0.005389000000
173883	0.004581000000
173972	0.005067000000
174503	0.007458000000
175597	0.003285000000
175834	0.005050000000
176397	0.002975000000
176485	0.004345000000
177046	0.006266000000
177696	0.004358000000
178050	0.005360000000
178287	0.004920000000
178641	0.002981000000
179319	0.002851000000
179850	0.003932000000
180204	0.002007000000
180471	0.003163000000
181268	0.002682000000
182362	0.002755000000
182628	0.003598000000
182924	0.004860000000
183160	0.001891000000
183842	0.003423000000
184225	0.002069000000
185437	0.002036000000
186442	0.002042000000
186501	0.004171000000
186855	0.002191000000
186943	0.004126000000
187978	0.002023000000
188184	0.002666000000
188480	0.004187000000
188510	0.002263000000
189188	0.002591000000
189218	0.004126000000
189455	0.003770000000
189779	0.003580000000
189986	0.001903000000
190429	0.002169000000
190518	0.002573000000
190784	0.002672000000
191197	0.004098000000
191522	0.002457000000
191669	0.002882000000
191728	0.002094000000
192082	0.002615000000
192790	0.003365000000
193175	0.002804000000
194121	0.001838000000
194150	0.004012000000
194268	0.002942000000
194475	0.002264000000
194799	0.003349000000
194858	0.002444000000
194976	0.003427000000
195124	0.001616000000
195153	0.001881000000
195507	0.001852000000
195566	0.001547000000
195804	0.001932000000
196336	0.002885000000
196928	0.001734000000
197607	0.002068000000
197725	0.005113000000
198257	0.001711000000
198670	0.001819000000
198788	0.003843000000
198906	0.002543000000
198935	0.003073000000
199083	0.002992000000
199556	0.002868000000
199615	0.002261000000
200087	0.005291000000
200324	0.002797000000
200767	0.002929000000
200797	0.002979000000
200856	0.002928000000
201121	0.002838000000
203072	0.002745000000
203102	0.005387000000
203426	0.003136000000
203603	0.002433000000
203987	0.003851000000
204134	0.002586000000
204547	0.002654000000
205227	0.002735000000
205759	0.002930000000
206143	0.002398000000
207058	0.001566000000
207500	0.003106000000
207559	0.001691000000
208032	0.002341000000
208240	0.003329000000
208447	0.002477000000
209186	0.002274000000
209393	0.002675000000
209541	0.002658000000
209629	0.005178000000
209806	0.004522000000
209924	0.004928000000
210249	0.002419000000
210455	0.002877000000
210809	0.005961000000
211163	0.004409000000
211340	0.002814000000
212344	0.004157000000
212758	0.001450000000
213320	0.002253000000
213557	0.002274000000
214827	0.004726000000
214857	0.002446000000
214975	0.002964000000
215329	0.003177000000
215831	0.002221000000
215920	0.002650000000
216806	0.002251000000
217161	0.003082000000
217666	0.002998000000
218138	0.002213000000
218256	0.002442000000
218315	0.002652000000
218374	0.002258000000
219616	0.005518000000
219942	0.003931000000
220593	0.005089000000
220681	0.003084000000
221954	0.002622000000
222161	0.003030000000
222220	0.003665000000
222515	0.003094000000
222545	0.002951000000
222604	0.004558000000
222869	0.004652000000
223401	0.002742000000
223460	0.006077000000
225117	0.002546000000
225737	0.002669000000
226743	0.002592000000
227334	0.002411000000
227363	0.003330000000
227777	0.004894000000
227954	0.005458000000
228249	0.002748000000
228308	0.005854000000
228603	0.003216000000
228633	0.003460000000
228662	0.003249000000
228958	0.002818000000
229669	0.002437000000
229728	0.002678000000
230291	0.002500000000
230556	0.002625000000
230615	0.002702000000
231917	0.002536000000
232006	0.002508000000
232421	0.002866000000
233072	0.002449000000
233485	0.002136000000
233544	0.002485000000
234078	0.005020000000
234225	0.002058000000
234491	0.002612000000
234579	0.004684000000
234609	0.003376000000
236026	0.002608000000
236085	0.002449000000
236735	0.002663000000
237208	0.002387000000
237473	0.002921000000
237621	0.002593000000
238271	0.003798000000
238418	0.002667000000
238861	0.001583000000
239480	0.001848000000
239539	0.002135000000
239746	0.002191000000
239834	0.001800000000
240219	0.001558000000
240928	0.001773000000
241606	0.003462000000
241754	0.002519000000
242288	0.001887000000
243116	0.013716000000
243234	0.011156000000
243382	0.013777000000
243441	0.013690000000
244415	0.011083000000
245596	0.012817000000
246276	0.010644000000
246660	0.010651000000
247044	0.011643000000
248196	0.002686000000
248403	0.003660000000
249172	0.003195000000
249645	0.005292000000
249704	0.007486000000
250533	0.009084000000
250710	0.007216000000
250828	0.006442000000
251095	0.005999000000
251124	0.004840000000
251715	0.004509000000
252041	0.004104000000
252159	0.003964000000
253221	0.005962000000
253753	0.006134000000
254018	0.006988000000
254048	0.004627000000
254373	0.005444000000
254580	0.008575000000
254727	0.018695000000
254845	0.004373000000
255081	0.006601000000
255642	0.005049000000
255908	0.004218000000
256056	0.006640000000
256085	0.006014000000
256824	0.004637000000
257267	0.004320000000
257503	0.004843000000
258329	0.007457000000
258860	0.004725000000
258919	0.004178000000
259539	0.004536000000
259804	0.004298000000
259834	0.005287000000
260011	0.004970000000
260130	0.004909000000
260218	0.005105000000
260367	0.003898000000
260485	0.006276000000
260514	0.005327000000
261608	0.002980000000
261903	0.002321000000
262109	0.002618000000
262582	0.002407000000
263054	0.003925000000
263379	0.002749000000
264177	0.004405000000
264472	0.003097000000
264916	0.002731000000
265477	0.003339000000
265803	0.003354000000
266394	0.002383000000
266453	0.002432000000
266512	0.003213000000
266689	0.005941000000
267695	0.003512000000
267724	0.004395000000
268078	0.002703000000
268108	0.003232000000
268609	0.003703000000
269761	0.003097000000
270056	0.002559000000
270676	0.003828000000
270883	0.002589000000
271001	0.004366000000
271119	0.002541000000
271148	0.007114000000
271237	0.003321000000
271592	0.003822000000
272744	0.004865000000
273011	0.004369000000
273217	0.002565000000
273839	0.002588000000
273986	0.004452000000
274400	0.002961000000
275287	0.003926000000
275495	0.002726000000
275731	0.005285000000
275878	0.003122000000
275937	0.004209000000
276943	0.002353000000
277979	0.002546000000
278244	0.006696000000
278511	0.002752000000
279427	0.002629000000
279457	0.005023000000
279516	0.002960000000
280255	0.002631000000
280491	0.002747000000
280639	0.002877000000
281436	0.003149000000
281820	0.003767000000
281939	0.003421000000
282116	0.004337000000
282322	0.002735000000
282558	0.004106000000
283030	0.002456000000
283089	0.002742000000
283473	0.005127000000
283947	0.002941000000
285457	0.002965000000
286047	0.002542000000
286254	0.003053000000
286372	0.004239000000
286490	0.002901000000
287435	0.005077000000
287671	0.005588000000
287730	0.003063000000
288528	0.003718000000
289119	0.002934000000
289741	0.002800000000
290272	0.003281000000
290478	0.003922000000
290567	0.002784000000
290892	0.004670000000
291040	0.002787000000
291217	0.002391000000
291541	0.002527000000
291630	0.002539000000
291954	0.004472000000
292072	0.004561000000
292308	0.004287000000
292485	0.006957000000
292603	0.004258000000
293016	0.004219000000
293253	0.004776000000
293371	0.004721000000
293991	0.006100000000
295262	0.004416000000
295469	0.005088000000
295764	0.003955000000
296029	0.004471000000
296118	0.005953000000
296265	0.004930000000
296887	0.005384000000
